283.05
283.05
283.06
283.06
283.02
283.02
282.99
282.95
282.91
282.91
282.89
282.89
282.91
282.9
282.9
282.94
282.94
282.95
283
283.01
283.02
283.06
283.07
283.07
283.06
283.08
283.07
283.05
283.05
283.02
282.99
283.03
283
282.96
282.95
282.91
282.87
282.82
282.8
282.76
282.71
282.69
282.65
282.6
282.59
282.54
282.5
282.49
282.49
282.51
282.53
282.55
282.57
282.59
282.61
282.63
282.65
282.66
282.67
282.67
282.68
282.68
282.67
282.67
282.66
282.65
282.64
282.62
282.61
282.59
282.57
282.55
282.52
282.5
282.48
282.46
282.45
282.43
282.42
282.42
282.42
282.41
282.43
282.46
282.45
282.48
282.51
282.5
282.54
282.58
282.62
282.61
282.65
282.69
282.68
282.71
282.75
282.78
282.77
282.8
282.83
282.82
282.84
282.86
282.86
282.88
282.9
282.93
282.92
282.94
282.96
282.96
282.97
282.97
282.96
282.97
282.95
282.93
282.94
282.92
282.93
282.92
282.94
282.96
282.96
282.94
282.94
282.94
282.94
282.93
282.93
282.92
282.92
282.91
282.89
282.88
282.85
282.83
282.8
282.76
282.73
282.69
282.65
282.6
282.56
282.51
282.47
282.42
282.36
282.31
282.25
282.18
282.11
282.04
281.96
281.88
281.91
281.91
281.91
281.9
281.9
281.89
281.88
281.87
281.85
281.84
281.82
281.8
281.78
281.76
281.73
281.7
281.66
281.72
281.68
281.65
281.61
281.57
281.53
281.49
281.46
281.42
281.39
281.35
281.32
281.3
281.27
281.25
281.25
281.25
281.18
281.11
281.03
280.95
280.87
280.79
280.71
280.63
280.55
280.47
280.39
280.3
280.22
280.14
280.05
279.97
279.89
279.81
279.73
279.66
279.59
279.53
279.48
279.44
279.41
279.39
279.38
279.38
279.39
279.41
279.41
279.41
279.42
279.48
279.54
279.56
279.59
279.64
279.65
279.67
279.71
279.75
279.74
279.77
279.81
279.85
279.84
279.89
279.94
279.93
279.98
280.04
280.03
280.09
280.16
280.23
280.21
280.29
280.37
280.35
280.43
280.51
280.59
280.56
280.64
280.7
280.68
280.75
280.8
280.79
280.84
280.88
280.93
280.92
280.96
280.96
281.01
281.06
281.1
281.15
281.19
281.22
281.25
281.28
281.31
281.33
281.35
281.37
281.38
281.4
281.42
281.44
281.45
281.46
281.46
281.47
281.48
281.49
281.49
281.49
281.5
281.5
281.49
281.48
281.47
281.46
281.46
281.44
281.42
281.41
281.4
281.39
281.36
281.33
281.32
281.3
281.29
281.25
281.21
281.2
281.18
281.17
281.12
281.08
281.07
281.04
281.04
280.99
280.96
280.96
280.93
280.94
280.91
280.9
280.9
280.89
280.88
280.9
280.9
280.9
280.91
280.92
280.95
280.94
280.94
280.94
280.93
280.93
280.92
280.91
280.91
280.86
280.85
280.85
280.83
280.82
280.8
280.79
280.76
280.74
280.72
280.7
280.67
280.65
280.63
280.62
280.59
280.58
280.58
280.59
280.6
280.61
280.63
280.65
280.68
280.71
280.71
280.78
280.81
280.82
280.9
280.94
280.95
281.04
281.12
281.1
281.18
281.27
281.3
281.32
281.4
281.46
281.44
281.5
281.55
281.54
281.58
281.61
281.63
281.63
281.64
281.65
281.65
281.65
281.66
281.65
281.66
281.65
281.65
281.65
281.66
281.7
281.69
281.74
281.8
281.79
281.84
281.9
281.96
281.96
281.96
282.01
282.06
282.12
282.18
282.24
282.3
282.37
282.44
282.51
282.59
282.66
282.74
282.82
282.89
282.98
283.04
283.11
283.17
283.22
283.27
283.31
283.34
283.37
283.4
283.42
283.44
283.45
283.47
283.48
283.48
283.48
283.48
283.48
283.48
283.48
283.48
283.47
283.47
283.46
283.45
283.44
283.43
283.42
283.41
283.4
283.39
283.37
283.36
283.34
283.32
283.3
283.27
283.25
283.23
283.2
283.18
283.16
283.15
283.13
283.12
283.11
283.1
283.1
283.09
283.09
283.09
283.06
283.03
283
283.01
282.98
282.96
282.93
282.95
282.94
282.92
282.92
282.93
282.92
282.93
282.94
282.94
282.95
282.96
282.97
282.96
282.97
282.98
282.99
282.99
283
283.01
283.01
283.02
283.03
283.05
283.05
283.07
283.1
283.1
283.12
283.15
283.16
283.19
283.21
283.21
283.24
283.24
283.24
283.26
283.27
283.28
283.3
283.31
283.32
283.32
283.31
283.25
283.24
283.22
283.21
283.19
283.18
283.17
283.16
283.15
283.15
283.14
283.13
283.12
283.12
283.11
283.1
283.07
283.07
283.07
283.07
283.06
283.04
283.03
283.02
283.01
283
282.99
282.98
282.97
282.96
282.95
282.94
282.93
282.92
282.91
282.9
282.88
282.87
282.86
282.85
282.84
282.84
282.83
282.83
282.82
282.81
282.81
282.8
282.8
282.8
282.8
282.8
282.8
282.8
282.8
282.8
282.8
282.79
282.79
282.78
282.78
282.77
282.76
282.76
282.75
282.74
282.73
282.72
282.72
282.71
282.7
282.7
282.7
282.69
282.69
282.68
282.68
282.68
282.67
282.66
282.66
282.66
282.65
282.64
282.63
282.62
282.6
282.58
282.55
282.52
282.48
282.43
282.38
282.33
282.28
282.23
282.18
282.14
282.11
282.09
282.08
282.07
282.07
282.07
282.07
282.06
282.05
282.04
282.02
282
281.98
281.98
