1
1.3098
1.6196
1.9294
2.2392
2.5491
2.8589
3.1687
3.4785
3.7883
4.0981
4.4079
4.7177
5.0275
5.3373
5.6472
5.957
6.2668
6.5766
6.8864
7.1962
7.506
7.8158
8.1256
8.4355
8.7453
9.0551
9.3649
9.6747
9.9845
10.294
10.604
10.914
11.224
11.534
11.843
12.153
12.463
12.773
13.083
13.392
13.702
14.012
14.322
14.632
14.941
15.251
15.5
15.5
16.5
17.5
18.5
19.5
20.5
21.5
22.5
23.5
24.5
25.5
26.5
27.5
28.5
29.5
30.5
31.5
32.5
33.5
34.5
35.5
36.5
37.5
38.5
39.5
40.5
41.5
42.5
43.5
44.5
45.5
45.5
45.5
46.207
46.914
47.621
48.328
49.035
49.742
50.449
51.157
51.864
52.571
53.278
53.985
54.692
55.399
56.106
56.813
57.52
58.227
58.934
59.641
60.348
61.056
61.763
62.47
63.177
63.884
64.591
65.298
66.005
66.712
67.419
68.126
68.833
69.54
70.247
70.955
71.662
72.369
73.076
73.783
74.49
75.197
75.5
75.5
75.49
75.48
75.469
75.459
75.449
75.439
75.428
75.418
75.408
75.398
75.388
75.377
75.367
75.357
75.347
75.337
75.326
75.316
75.306
75.296
75.285
75.275
75.265
75.255
75.245
75.234
75.224
75.214
75.204
75.194
75.183
75.174
75.174
74.176
73.178
72.179
71.181
70.183
69.184
68.186
67.188
66.189
65.191
64.193
63.194
62.196
61.198
60.199
59.201
58.203
57.204
56.206
55.208
54.209
53.211
52.213
51.214
50.216
49.218
48.219
47.221
46.223
45.224
44.806
44.806
44.827
44.847
44.867
44.888
44.908
44.929
44.949
44.97
44.99
45.011
45.031
45.051
45.072
45.092
45.113
45.133
45.154
45.174
45.195
45.215
45.235
45.256
45.276
45.297
45.317
45.338
45.358
45.379
45.399
45.419
45.421
45.421
46.132
46.843
47.553
48.264
48.975
49.686
50.396
51.107
51.818
52.529
53.239
53.95
54.661
55.371
56.082
56.793
57.504
58.214
58.925
59.636
60.347
61.057
61.768
62.479
63.189
63.9
64.611
65.322
66.032
66.743
67.454
68.165
68.875
69.586
70.297
71.008
71.718
72.429
73.14
73.85
74.561
75.272
75.829
75.829
75.806
75.783
75.76
75.737
75.714
75.691
75.668
75.645
75.622
75.599
75.576
75.553
75.53
75.507
75.484
75.461
75.438
75.415
75.392
75.369
75.346
75.323
75.3
75.277
75.256
75.256
76.051
76.846
77.64
78.435
79.23
80.025
80.819
81.614
82.409
83.204
83.998
84.793
85.588
86.383
87.177
87.972
88.767
89.562
90.356
91.151
91.946
92.741
93.535
94.33
95.125
95.919
96.714
97.509
98.304
99.098
99.893
100.69
101.48
102.28
103.07
103.87
104.66
105.46
106.25
107.05
107.84
107.97
107.97
107.9
107.83
107.76
107.7
107.63
107.56
107.49
107.42
107.35
107.28
107.22
107.15
107.08
107.01
106.94
106.87
106.8
106.74
106.67
106.6
106.53
106.46
106.39
106.32
106.26
106.19
106.12
106.05
105.98
105.91
105.85
105.85
106.56
107.28
107.99
108.7
109.41
110.12
110.84
111.55
112.26
112.97
113.69
114.4
115.11
115.82
116.54
117.25
117.96
118.67
119.39
120.1
120.81
121.52
122.24
122.95
123.66
124.37
125.09
125.8
126.51
127.22
127.93
128.65
129.36
130.07
130.78
131.5
132.21
132.92
133.63
134.35
135.06
135.77
135.83
135.83
135.81
135.79
135.77
135.74
135.72
135.7
135.68
135.65
135.63
135.61
135.59
135.56
135.54
135.52
135.5
135.48
135.45
135.43
135.41
135.39
135.36
135.34
135.32
135.3
135.27
135.25
135.23
135.21
135.18
135.16
135.14
135.12
135.11
135.11
135.11
135.12
135.13
135.14
135.15
135.16
135.16
135.17
135.18
135.19
135.2
135.21
135.21
135.22
135.23
135.24
135.25
135.26
135.26
135.27
135.28
135.29
135.3
135.31
135.31
135.32
135.33
135.34
135.35
135.36
135.36
135.36
136.11
136.85
137.6
138.34
139.09
139.84
140.58
141.33
142.07
142.82
143.56
144.31
145.06
145.8
146.55
147.29
148.04
148.78
149.53
150.28
151.02
151.77
152.51
153.26
154
154.75
155.5
156.24
156.99
157.73
158.48
159.22
159.97
160.72
161.46
162.21
162.95
163.7
164.44
165.19
165.94
165.96
165.96
166.96
167.96
168.95
169.95
170.95
171.95
172.95
173.94
174.94
175.94
176.94
177.94
178.94
179.93
180.93
181.93
182.93
183.93
184.92
185.92
186.92
187.92
188.92
189.91
190.91
191.06
191.06
191.02
190.99
190.96
190.92
190.89
190.86
190.82
190.79
190.75
190.72
190.69
190.65
190.62
190.58
190.55
190.52
190.48
190.45
190.41
190.38
190.35
190.31
190.28
190.25
190.21
190.18
190.14
190.11
190.08
190.06
190.06
190.06
190.06
190.05
190.05
190.05
190.05
190.05
190.05
190.04
190.04
190.04
190.04
190.04
190.04
190.04
190.03
190.03
190.03
190.03
190.03
190.03
190.02
190.02
190.02
190.02
190.02
190.02
190.02
190.01
190.01
190.01
190.01
190.01
190.01
190.01
190.01
190.01
190.01
190.01
190.01
190.01
190.01
190.01
190.01
190.01
190.01
190.01
190.01
190.01
190.01
190.01
190.01
190.01
190.01
190.01
190.01
190.01
190.01
190.01
190.01
190.01
190.01
