1
1.9508
2.9016
3.8524
4.8032
5.754
6.7048
7.6556
8.6064
9.5572
10.508
11.459
12.41
13.36
14.311
15.262
16.213
17.164
18.114
19.065
20.016
20.967
21.918
22.868
23.819
24.77
25.721
26.672
27.622
28.573
29.524
30.475
31.426
32.376
33.327
34.278
35.229
36.18
37.13
38.081
39.032
39.983
40.934
41.884
42.835
43.786
44.737
45.5
45.5
45.5
45.5
45.5
45.5
45.5
45.5
45.5
45.5
45.5
45.5
45.5
45.5
45.5
45.5
45.5
45.5
45.5
45.5
45.5
45.5
45.5
45.5
45.5
45.5
45.5
45.5
45.5
45.5
45.5
45.5
45.5
45.5
46.207
46.914
47.621
48.329
49.036
49.743
50.45
51.157
51.864
52.571
53.279
53.986
54.693
55.4
56.107
56.814
57.521
58.229
58.936
59.643
60.35
61.057
61.764
62.471
63.179
63.886
64.593
65.3
66.007
66.714
67.421
68.129
68.836
69.543
70.25
70.957
71.664
72.371
73.079
73.786
74.493
75.2
75.503
75.503
76.503
77.503
78.503
79.503
80.503
81.503
82.503
83.503
84.503
85.503
86.503
87.502
88.502
89.502
90.502
91.502
92.502
93.502
94.502
95.502
96.502
97.502
98.502
99.502
100.5
101.5
102.5
103.5
104.5
105.5
106.5
107.38
107.38
107.32
107.26
107.21
107.15
107.09
107.03
106.98
106.92
106.86
106.8
106.75
106.69
106.63
106.57
106.52
106.46
106.4
106.34
106.28
106.23
106.17
106.11
106.05
106
105.94
105.88
105.82
105.77
105.71
105.65
105.63
105.63
106.63
107.63
108.63
109.63
110.63
111.63
112.62
113.62
114.62
115.62
116.62
117.62
118.62
119.62
120.62
121.62
122.62
123.62
124.62
125.62
126.62
127.62
128.62
129.62
130.62
131.62
132.62
133.62
134.62
135.62
135.71
135.71
136.41
137.12
137.82
138.52
139.23
139.93
140.63
141.34
142.04
142.74
143.45
144.15
144.85
145.56
146.26
146.96
147.67
148.37
149.07
149.78
150.48
151.18
151.89
152.59
153.29
154
154.7
155.41
156.11
156.81
157.52
158.22
158.92
159.63
160.33
161.03
161.74
162.44
163.14
163.85
164.55
165.25
165.81
165.81
166.81
167.8
168.8
169.8
170.8
171.8
172.8
173.8
174.8
175.8
176.8
177.8
178.8
179.8
180.8
181.8
182.8
183.8
184.8
185.8
186.8
187.8
188.8
189.8
190.72
190.72
190.11
189.5
188.9
188.29
187.68
187.08
186.47
185.86
185.26
184.65
184.04
183.44
182.83
182.22
181.61
181.01
180.4
179.79
179.19
178.58
177.97
177.37
176.76
176.15
175.55
174.94
174.33
173.72
173.12
172.51
171.9
171.3
170.69
170.08
169.48
168.87
168.26
167.65
167.05
166.44
165.83
165.74
165.74
164.74
163.74
162.74
161.74
160.75
159.75
158.75
157.75
156.76
155.76
154.76
153.76
152.77
151.77
150.77
149.77
148.78
147.78
146.78
145.78
144.78
143.79
142.79
141.79
140.79
139.8
138.8
137.8
136.8
135.81
134.89
134.89
134.19
133.49
132.78
132.08
131.38
130.68
129.98
129.27
128.57
127.87
127.17
126.47
125.77
125.06
124.36
123.66
122.96
122.26
121.56
120.85
120.15
119.45
118.75
118.05
117.34
116.64
115.94
115.24
114.54
113.84
113.13
112.43
111.73
111.03
110.33
109.63
108.92
108.22
107.52
106.82
106.12
105.41
105.35
105.35
104.35
103.35
102.35
101.35
100.35
99.354
98.354
97.355
96.355
95.355
94.355
93.356
92.356
91.356
90.356
89.357
88.357
87.357
86.357
85.358
84.358
83.358
82.358
81.359
80.359
79.359
78.359
77.36
76.36
75.36
74.36
73.361
72.871
72.871
71.871
70.871
69.871
68.871
67.871
66.872
65.872
64.872
63.872
62.872
61.872
60.872
59.872
58.872
57.872
56.872
55.872
54.872
53.872
52.872
51.872
50.872
49.872
48.872
47.872
46.872
45.872
44.872
43.872
42.872
42.304
42.304
41.638
40.972
40.306
39.639
38.973
38.307
37.64
36.974
36.308
35.642
34.975
34.309
33.643
32.977
32.31
31.644
30.978
30.311
29.645
28.979
28.313
27.646
26.98
26.314
25.648
24.981
24.315
23.649
22.983
22.316
21.65
20.984
20.317
19.651
18.985
18.319
17.652
16.986
16.32
15.654
14.987
14.965
14.965
15.027
15.089
15.152
15.214
15.276
15.338
15.4
15.462
15.524
15.586
15.648
15.71
15.773
15.835
15.897
15.959
16.021
16.083
16.145
16.207
16.269
16.331
16.393
16.456
16.518
16.527
16.527
17.526
18.526
19.525
20.524
21.524
22.523
23.523
24.522
25.522
26.521
27.52
28.52
29.519
30.519
31.518
32.518
33.517
34.516
35.516
36.515
37.515
38.514
39.514
40.513
41.512
42.512
43.511
44.511
45.51
46.019
46.019
47.019
48.019
49.019
50.019
51.019
52.019
53.019
54.019
55.019
56.019
57.019
58.019
59.019
60.019
61.019
62.019
63.019
64.019
65.019
66.019
67.019
68.019
69.019
70.019
71.019
72.019
73.019
74.019
75.019
75.501
75.501
76.501
77.501
78.501
79.501
80.501
81.501
82.501
83.501
84.501
85.501
86.501
87.501
88.501
89.501
90.501
91.501
92.501
93.501
94.501
95.501
96.501
97.501
98.501
99.501
100.5
101.5
102.5
103.5
104.5
105.5
105.5
