135.35
45.242
107.05
49.156
135.65
135.29
64.378
84.576
190.05
144.56
7.8152
75.758
135.4
36.096
74.951
47.122
20.296
5.3638
75.191
190.21
75.074
75.46
116.22
40.612
90.477
27.49
45.157
0.88232
54.358
152.46
107.93
188.48
75.916
54.769
45.089
135.13
66.949
50.059
143.47
44.855
105.83
19.976
44.914
45
135.85
135.73
64.808
135.09
171.98
42.994
135.26
75.46
35.057
75.525
75.348
14.461
173.41
183.33
147.3
135.2
166.01
135.15
135.37
70.621
75.91
55.026
75.844
108.65
127.82
75.048
52.551
75.105
8.7425
75.705
135.34
50.539
184.67
68.275
12.363
188.81
6.4428
190.06
75.499
-0.69516
106.82
75.728
193.27
75.105
45.345
45.278
175.79
137.11
160.14
123.48
102.29
75.617
170.43
116.59
74.806
106.09
