41.973
127.06
152.4
53.011
97.199
49.978
156.65
182.88
53.134
33.736
45.93
168
79.176
51.259
81.338
45.503
45.655
13.289
192.1
41.505
95.797
86.29
129.08
45.495
178.28
45.507
122.77
0.64559
45.524
27.189
164.79
16.371
165.73
143.95
119.39
73.361
-1.8192
105.93
34.566
107.72
134.8
45.339
110.8
115.21
104.08
100.78
63.755
79.17
152.97
45.496
55.311
86.29
45.503
78.784
186.4
45.54
156
122.66
201.05
60.952
14.93
66.8
84.555
72.03
189.79
144.26
82.538
167.41
112.81
100.29
56.57
88.086
23.8
91.744
45.502
58.308
16.13
106.99
36.996
135.6
16.57
46.034
97.481
-3.2993
148.94
171.04
107.07
91.867
131.59
134.86
160.87
107.14
19.789
117.41
170.63
174.32
143.4
129.5
190.31
138.35
